65:54,63,62,
54:65,63,51,53,
15:23,62,61,22,13,21,14,64,
63:65,54,51,62,
51:54,63,62,53,61,52,50,
23:15,22,
62:65,15,63,51,61,64,
53:54,51,45,52,
45:53,43,44,52,
43:45,44,42,52,36,50,
61:15,51,62,42,41,14,50,64,
44:45,43,36,35,46,81,
22:15,23,21,
13:15,37,41,21,14,11,12,
42:43,61,36,41,34,50,
52:51,53,45,43,50,
37:13,41,34,32,
36:43,44,42,34,35,33,
41:61,13,42,37,14,34,
21:15,22,13,
14:15,61,13,41,
34:42,37,36,41,33,32,
35:44,36,33,
33:36,34,35,32,31,
32:37,34,33,31,
50:51,43,61,42,52,
64:15,62,61,
46:44,
71:
11:13,12,
12:13,11,
31:33,32,
81:44,
82:
