2102:2106,2103,2108,
2113:2114,2109,2107,
2106:2102,2103,2105,2110,
2112:2101,2104,
2101:2112,2104,2109,2107,2103,2105,2110,
2104:2112,2101,2105,
2114:2113,2107,
2109:2113,2101,2107,
2107:2113,2101,2114,2109,2103,2111,
2103:2102,2106,2101,2107,2108,2110,2111,
2105:2106,2101,2104,2110,
2108:2102,2103,2111,
2110:2106,2101,2103,2105,
2111:2107,2103,2108,
3507:3504,3509,3501,
3504:3507,3508,3501,3505,
3508:3504,3506,3505,
3509:3507,3501,
3501:3507,3504,3509,3505,3503,
3506:3508,3505,3502,
3505:3504,3508,3501,3506,3503,3502,
3503:3501,3505,
3502:3506,3505,
4312:4305,4307,4331,4309,4308,4313,
4311:4305,4310,4304,
4305:4312,4311,4304,4313,
4310:4311,4304,4302,
4307:4312,4309,4308,
4331:4312,4308,
4304:4311,4305,4310,4302,4313,4303,
4306:4309,4301,
4309:4312,4307,4306,4301,4313,
4301:4306,4309,4302,4313,4303,
4302:4310,4304,4301,4303,
4308:4312,4307,4331,
4313:4312,4305,4304,4309,4301,4303,
4303:4304,4301,4302,4313,
5133:5132,5134,5118,
5132:5133,5107,5118,5101,5106,
5134:5133,5118,5115,5111,5104,
5107:5132,5108,5113,5106,5109,
5117:5113,5119,5116,
5108:5107,5113,5119,
5118:5133,5132,5134,5111,5101,5114,
5115:5134,5111,5105,5103,
5111:5134,5118,5115,5114,5103,
5113:5107,5117,5108,5119,5116,5109,
5119:5117,5108,5113,
5105:5115,5110,5103,
5101:5132,5118,5120,5114,5106,
5120:5101,5114,5106,5110,5109,
5104:5134,
5114:5118,5111,5101,5120,5110,5103,
5116:5117,5113,5109,
5106:5132,5107,5101,5120,5109,
5110:5105,5120,5114,5103,
5109:5107,5113,5120,5116,5106,
5103:5115,5111,5105,5114,5110,
3209:3206,3208,3207,3210,3212,
3203:3213,3207,
3206:3209,3205,3212,
3208:3209,3213,3207,3210,
3205:3206,3212,3202,
3213:3203,3208,3207,
3207:3209,3203,3208,3213,
3210:3209,3208,3201,3212,3211,
3201:3210,3204,3211,
3212:3209,3206,3205,3210,3202,3204,3211,
3202:3205,3212,3204,
3204:3201,3212,3202,3211,
3211:3210,3201,3212,3204,
110228:110116,110113,110117,
110116:110228,110229,110114,110113,
110111:110109,110115,110106,
110229:110116,110114,
110109:110111,110114,110108,110106,110107,
110114:110116,110229,110109,110113,110105,110108,
110115:110111,110112,110105,110106,
110113:110228,110116,110114,110117,110112,110105,
110117:110228,110113,
110112:110115,110113,110105,
110105:110114,110115,110113,110112,110108,110106,110102,110101,110103,
110108:110109,110114,110105,110106,110107,110102,110104,
110106:110111,110109,110115,110105,110108,110107,110104,110103,
110107:110109,110108,110106,
110102:110105,110108,110101,110104,110103,
110101:110105,110102,110104,110103,
110104:110108,110106,110102,110101,110103,
110103:110105,110106,110102,110101,110104,
2224:2202,2206,
2202:2224,2201,2206,2205,2203,2204,
2208:2207,
2207:2208,2201,2203,
2201:2202,2207,2203,
2206:2224,2202,2205,
2205:2202,2206,2204,
2203:2202,2207,2201,2204,
2204:2202,2205,2203,
6403:6405,6404,6401,
6405:6403,6404,
6404:6403,6405,
6401:6403,6402,
6402:6401,
4228:4205,429021,
4203:4206,429021,
4205:4228,4206,4210,4208,429021,
4206:4203,4205,4208,4213,429021,
4211:4209,4201,4202,4207,
4210:4205,4208,4212,4201,429004,429005,
4208:4205,4206,4210,4213,4209,429006,429005,
4212:4210,4201,4202,
4213:4206,4208,4209,
4209:4211,4208,4213,4201,429006,429004,
4201:4211,4210,4212,4209,4202,429004,4207,
4202:4211,4212,4201,4207,
429021:4228,4203,4205,4206,
429006:4208,4209,429004,429005,
429004:4210,4209,4201,429006,429005,
429005:4210,4208,429006,429004,
4207:4211,4201,4202,
3415:3408,3412,3414,3401,3404,
3408:3415,3414,3417,3407,
3411:3414,3401,3403,3404,
3418:3410,3417,3402,3405,
3412:3415,3416,3404,
3413:3403,3406,
3410:3418,3417,
3414:3415,3408,3411,3401,3402,3405,3407,
3416:3412,3403,3406,3404,
3417:3408,3418,3410,3402,3407,
3401:3415,3411,3414,3404,
3403:3411,3413,3416,3406,3404,
3402:3418,3414,3417,3405,3407,
3406:3413,3416,3403,
3404:3415,3411,3412,3416,3401,3403,
3405:3418,3414,3402,
3407:3408,3414,3417,3402,
3311:3303,3310,3307,3308,
3301:3307,3308,3306,3304,3305,
3303:3311,3310,
3302:3309,3310,3306,3304,
3309:3302,3304,
3310:3311,3303,3302,3307,3306,
3307:3311,3301,3310,3308,3306,
3308:3311,3301,3307,
3306:3301,3302,3310,3307,3304,
3304:3301,3302,3309,3306,3305,
3305:3301,3304,
6528:6532,6522,6529,6542,6521,6540,6501,
6532:6528,6529,6531,
6522:6528,6523,6521,
6529:6528,6532,6531,6530,6540,
6543:6542,6523,6501,
6531:6532,6529,6530,
6542:6528,6543,6540,6527,659001,
6523:6522,6543,6521,6501,
6530:6529,6531,
6521:6528,6522,6523,6501,
6540:6528,6529,6542,6527,
6527:6542,6540,
6501:6528,6543,6523,6521,659004,
6502:
659002:
659003:
659004:6501,
659001:6542,
3607:3608,3610,
3608:3607,3610,3609,3603,3605,
3611:3604,3610,3601,3602,3606,
3604:3611,3609,3601,
3610:3607,3608,3611,3609,3601,3606,
3609:3608,3604,3610,3601,3603,3605,
3601:3611,3604,3610,3609,
3602:3611,
3603:3608,3609,
3606:3611,3610,
3605:3608,3609,
1308:1307,1302,1303,
1307:1308,1306,
1306:1307,1309,1301,1311,1310,
1302:1308,1303,
1309:1306,1311,1310,
1301:1306,1305,1311,
1305:1301,1304,1311,
1304:1305,
1303:1308,1302,
1311:1306,1309,1301,1305,
1310:1306,1309,
5308:5325,5323,5329,5309,5328,5304,
5325:5308,5326,5303,5301,5304,
5326:5325,5303,
5303:5325,5326,5306,5301,
5323:5308,5329,5301,5307,5304,
5329:5308,5323,5309,5307,5305,5333,
5309:5308,5329,5305,
5334:5307,5333,
5306:5303,5301,
5301:5325,5303,5323,5306,5304,
5307:5323,5329,5334,5333,
5328:5308,
5305:5329,5309,5333,5331,
5304:5308,5325,5323,5301,
5333:5329,5334,5307,5305,
5331:5305,
3706:3707,3702,3710,
3713:3707,3708,3709,3711,3703,3704,
3707:3706,3713,3702,3705,3711,3703,
3702:3706,3707,3711,
3729:3708,
3708:3713,3729,3709,3704,
3714:3723,3715,3701,
3723:3714,3705,3701,3703,
3715:3714,3701,3709,
3705:3707,3723,3703,
3701:3714,3723,3715,3709,3703,3712,
3709:3713,3708,3715,3701,3703,3712,
3710:3706,
3711:3713,3707,3702,
3703:3713,3707,3723,3705,3701,3709,3712,
3704:3713,3708,
3712:3701,3709,3703,
4510:4512,4501,4514,
4512:4510,4501,4502,4513,
4503:4502,4513,4504,4511,
4501:4510,4512,4514,4513,4507,4508,4506,
4502:4512,4503,4513,
4514:4510,4501,4506,
4513:4512,4503,4501,4502,4504,4508,
4509:4504,4507,4508,4505,
4504:4503,4513,4509,4511,4508,
4511:4503,4504,
4507:4501,4509,4508,4506,4505,
4508:4501,4513,4509,4504,4507,
4506:4501,4514,4507,
4505:4509,4507,
1507:1522,
1529:1506,1508,1503,
1525:1504,1505,1509,1522,
1506:1529,1508,1502,1501,1503,
1504:1525,1505,
1508:1529,1506,1502,
1505:1525,1504,1522,
1509:1525,1502,1501,
1522:1507,1525,1505,
1502:1506,1508,1509,1501,
1501:1506,1509,1502,
1503:1529,1506,
5203:5226,5224,5227,5222,5201,
5226:5203,5227,5222,
5224:5203,5202,5204,5201,
5227:5203,5226,5223,5204,5201,
5222:5203,5226,
5223:5227,5202,5204,
5202:5224,5223,5204,
5204:5224,5227,5223,5202,5201,
5201:5203,5224,5227,5204,
1409:1411,1402,1406,1401,1403,
1411:1409,1410,1407,1401,
1410:1411,1407,1408,1404,1405,
1407:1411,1410,1404,1401,1403,
1408:1410,1405,
1402:1409,1406,
1404:1410,1407,1405,
1406:1409,1402,
1405:1410,1408,1404,
1401:1409,1411,1407,1403,
1403:1409,1407,1401,
4113:4115,4103,4117,4112,4104,
4115:4113,4117,
4103:4113,4112,4104,4101,4108,
4117:4113,4115,4116,4104,4111,
4116:4117,4114,4102,4110,4111,
4114:4116,4102,
4112:4113,4103,
4107:4101,4105,4102,4108,4109,4106,
4104:4113,4103,4117,4101,4110,4111,
4101:4103,4107,4104,4102,4108,4110,
4105:4107,4109,4106,
4102:4116,4114,4107,4101,4110,
4108:4103,4107,4101,
4110:4116,4104,4101,4102,4111,
4109:4107,4105,
4111:4117,4116,4104,4110,
4106:4107,4105,
6328:6327,6326,6325,6322,
6327:6328,6326,
6326:6328,6327,6325,6323,
6325:6328,6326,6322,6323,6321,6301,
6322:6328,6325,6321,6301,
6323:6326,6325,6321,
6321:6325,6322,6323,6301,
6301:6325,6322,6321,
310230:310119,310115,310113,
310119:310230,310120,310115,310112,
310120:310119,310116,310117,310112,
310115:310230,310119,310113,310112,310110,310104,310109,310101,310103,
310116:310120,310118,310117,
310118:310116,310117,310114,310112,
310117:310120,310116,310118,310112,
310114:310118,310113,310112,310107,310105,
310113:310230,310115,310114,310110,310107,310108,310109,
310112:310119,310120,310115,310118,310117,310114,310104,310105,
310110:310115,310113,310109,
310107:310114,310113,310105,310108,310106,
310104:310115,310112,310105,310103,310106,
310105:310114,310112,310107,310104,310106,
310108:310113,310107,310109,310101,310106,
310109:310115,310113,310110,310108,310101,
310101:310115,310108,310109,310103,310106,
310103:310115,310104,310101,310106,
310106:310107,310104,310105,310108,310101,310103,
7001:7015,7016,
7002:
7003:
7004:7005,7008,
7005:7004,7008,7011,7017,
7006:
7007:7010,
7008:7004,7005,7017,
7009:7010,
7010:7007,7009,7011,
7011:7005,7010,
7012:7016,7017,7018,
7013:
7014:
7015:7001,7016,7017,
7016:7001,7012,7015,7017,7018,
7017:7005,7008,7012,7015,7016,
7018:7012,7016,
7019:
7020:
7021:
7022:
120225:120115,
120114:120115,120221,120111,120113,
120115:120225,120114,120221,
120223:120109,120111,
120221:120114,120115,120107,120113,120110,120108,
120109:120223,120107,120111,120112,
120107:120221,120109,120110,120108,120112,
120111:120114,120223,120109,120113,120112,120103,120104,120106,
120113:120114,120221,120111,120110,120105,120106,
120110:120221,120107,120113,120112,120103,120102,120105,
120108:120221,120107,
120112:120109,120107,120111,120110,120103,
120103:120111,120110,120112,120102,120104,120101,
120102:120110,120103,120105,120101,
120104:120111,120103,120105,120106,120101,
120105:120113,120110,120102,120104,120106,120101,
120106:120111,120113,120104,120105,
120101:120103,120102,120104,120105,
469003:469036,469027,469030,469031,469028,
469005:4601,469002,469025,
469033:4602,469007,469030,469031,469035,469001,
4602:469033,469034,469035,
469036:469003,469006,469027,469030,469002,469034,469026,469035,469001,
469007:469033,469031,
4601:469005,469027,469025,
469006:469036,469002,469034,
469027:469003,469036,4601,469028,469026,469025,
469030:469003,469033,469036,469031,469001,
469002:469005,469036,469006,469026,469025,
469031:469003,469033,469007,469030,
469028:469003,469027,
469034:4602,469036,469006,469035,
469026:469036,469027,469002,469025,
469025:469005,4601,469027,469002,469026,
469035:469033,4602,469036,469034,469001,
469001:469033,469036,469030,469035,
3682:
6655:6656,
6656:6655,
6657:
6658:6659,
6659:6658,6661,6662,6664,
6660:6665,
6661:6659,6662,6664,
6662:6659,6661,
6663:
6664:6659,6661,6670,
6665:6660,
6666:
6667:
6668:
6669:
6670:6664,
6671:
6108:6106,
6106:6108,6105,6104,6102,
6107:6109,6103,6101,
6109:6107,6110,6101,
6110:6109,6105,6101,
6103:6107,6104,6101,
6105:6106,6110,6104,6101,6102,
6104:6106,6103,6105,6101,6102,
6101:6107,6109,6110,6103,6105,6104,
6102:6106,6105,6104,
4418:4402,4412,4401,4406,
4402:4418,4416,4413,4401,
4408:4409,
4414:4416,4415,4452,4451,
4416:4402,4414,4413,4415,
4412:4418,4453,4406,
4413:4402,4416,4401,4415,4403,4419,
4409:4408,4417,4453,
4407:4417,4453,4404,4406,4420,
4417:4409,4407,4453,
4453:4412,4409,4407,4417,4406,
4401:4418,4402,4413,4406,4403,4419,4420,
4415:4414,4416,4413,4452,
4452:4414,4415,4451,4405,
4404:4407,4403,4420,
4406:4418,4412,4407,4453,4401,4420,
4451:4414,4452,4405,
4405:4452,4451,
4403:4413,4401,4404,4419,4420,
4419:4413,4401,4403,
4420:4407,4401,4404,4406,4403,
2311:2327,2302,2312,2307,
2327:2311,
2301:2310,2312,2307,2308,2306,2309,
2302:2311,2312,2306,
2310:2301,2303,2309,
2312:2311,2301,2302,2307,2306,
2307:2311,2301,2312,2308,2304,
2308:2301,2307,2305,2304,2309,
2303:2310,2305,2309,
2305:2308,2303,2309,
2306:2301,2302,2312,
2304:2307,2308,
2309:2301,2310,2308,2303,2305,
5424:5425,5423,5426,5421,5401,
5425:5424,5423,
5423:5424,5425,5422,5401,
5426:5424,5421,5422,5401,
5421:5424,5426,
5422:5423,5426,5401,
5401:5424,5423,5426,5422,
500242:500243,500241,500114,
500236:500238,500235,500237,
500238:500236,500234,500235,500229,500237,
500234:500238,500235,500101,500229,
500243:500242,500240,500230,500232,500114,
500235:500236,500238,500234,500101,
500101:500234,500235,500240,500233,500228,
500229:500238,500234,
500116:500222,500113,500118,500227,500107,500104,
500240:500243,500101,500230,500233,
500237:500236,500238,
500102:500230,500232,500119,500113,500231,500115,
500230:500243,500240,500102,500232,500233,500231,
500232:500243,500102,500230,500119,
500119:500102,500232,500222,500113,500110,
500241:500242,
500114:500242,500243,
500117:500223,500112,500224,500227,500109,
500222:500116,500119,500113,500110,
500233:500101,500240,500230,500228,500231,
500228:500101,500233,500231,
500113:500116,500102,500119,500222,500112,500115,500107,500108,500105,500104,
500223:500117,500225,500224,
500118:500116,500225,500224,500226,500227,500111,
500231:500102,500230,500233,500228,500115,
500112:500117,500113,500115,500109,500106,500105,
500115:500102,500113,500231,500112,
500225:500223,500118,500224,500226,500111,
500224:500117,500223,500118,500225,500227,
500226:500118,500225,
500227:500116,500117,500118,500224,500109,500107,500106,
500109:500117,500112,500227,500106,
500110:500119,500222,
500107:500116,500113,500227,500106,500108,500104,500103,
500106:500112,500227,500109,500107,500105,500103,
500108:500113,500107,500105,500103,
500105:500113,500112,500106,500108,500103,
500104:500116,500113,500107,
500111:500118,500225,
500103:500107,500106,500108,500105,
6209:6207,6202,
6207:6209,6206,6203,6202,
6230:6212,6211,6229,
6206:6207,6204,6201,6203,
6212:6230,6211,6205,
6210:6208,
6204:6206,6211,6201,6208,
6211:6230,6212,6204,6205,6201,6208,6229,
6205:6212,6211,6208,
6201:6206,6204,6211,6229,
6208:6210,6204,6211,6205,
6229:6230,6211,6201,
6203:6207,6206,
6202:6209,6207,
3681:
